585 771
830 702
560 377
30 648
851 337
577 830
926 814
489 551
480 108
71 54
897 615
919 47
468 933
842 588
600 717
225 217
642 74
431 321
471 609
744 248
185 918
503 965
501 786
782 316
944 946
95 990
759 937
919 718
947 96
550 129
768 555
310 933
424 279
107 36
831 197
179 226
336 969
545 511
399 490
131 533
385 182
287 278
133 672
357 796
280 436
273 453
819 442
945 938
414 379
145 582
444 174
442 76
36 519
98 379
269 899
573 550
352 204
236 736
258 88
349 466
734 575
948 353
960 372
133 161
19 26
137 234
508 73
543 532
236 802
472 821
923 206
696 956
328 478
454 216
896 220
805 409
480 76
713 57
592 134
755 556
113 710
835 239
152 804
786 428
127 472
352 210
227 22
387 414
309 913
526 800
969 964
968 470
163 880
863 44
20 999
531 586
600 403
660 234
110 393
972 148
884 842
686 45
517 127
302 261
56 995
278 584
279 605
15 912
973 397
638 316
829 113
916 110
679 449
483 469
923 278
386 37
184 308
229 485
688 118
13 14
292 876
817 909
743 774
309 806
877 373
119 11
34 400
709 340
612 896
896 283
756 957
438 191
170 223
873 93
249 98
465 435
817 99
536 473
217 320
910 838
888 911
302 601
424 566
392 441
704 883
367 556
682 109
300 854
815 681
892 657
2 640
946 810
18 657
547 940
530 37
30 788
599 427
541 765
171 801
0 555
515 999
807 685
863 130
544 672
172 618
607 794
440 194
225 249
25 277
886 381
592 921
796 395
983 473
541 516
632 770
81 123
906 669
911 795
150 705
59 446
322 598
538 951
289 469
289 94
592 719
716 265
604 709
457 471
907 399
