999 766
697 989
777 546
610 23
861 526
836 116
662 277
327 965
991 197
332 3
520 166
46 966
648 513
210 726
356 650
394 866
604 463
404 876
932 441
991 162
634 25
255 16
495 650
229 227
857 291
94 422
549 258
576 101
618 983
564 576
496 845
915 655
162 517
608 25
231 268
188 264
237 721
954 992
30 782
950 684
245 152
104 328
638 309
392 736
709 700
2 596
149 619
430 745
933 839
810 225
456 290
754 784
279 531
241 556
686 701
362 12
210 40
621 835
165 567
100 16
366 595
214 901
645 938
87 312
31 494
53 403
181 259
646 988
95 725
759 132
412 432
442 86
600 817
1000 795
437 605
68 121
667 922
408 176
910 728
592 688
696 503
625 62
860 546
821 294
801 276
383 480
619 106
231 321
564 477
157 87
464 601
174 582
716 168
480 210
41 870
201 296
447 515
859 211
724 902
604 401
29 536
667 307
905 909
882 597
815 754
89 412
288 608
236 465
813 459
779 482
584 703
47 261
942 193
909 563
871 656
707 791
635 134
843 625
87 930
416 717
679 7
386 43
460 294
501 240
202 252
593 776
877 82
628 712
759 933
877 560
306 281
408 32
72 815
300 100
585 941
891 860
709 721
403 626
353 63
505 656
350 385
973 180
703 355
962 572
297 575
109 287
123 601
553 683
315 226
358 910
157 585
608 394
684 958
449 889
579 177
552 721
332 678
558 852
92 666
838 768
674 966
