347 205
73 156
676 403
694 391
710 985
192 571
779 622
355 539
126 309
366 157
470 4
45 539
720 296
529 822
860 573
834 968
750 185
753 731
780 446
707 268
194 416
540 594
939 176
377 339
912 783
430 985
789 460
984 730
559 933
268 572
105 19
76 430
846 940
18 795
100 487
304 843
566 204
593 842
513 616
927 69
390 862
544 421
640 820
742 10
733 244
667 317
914 311
126 542
572 871
488 893
457 607
678 824
174 932
257 686
832 782
38 160
840 930
808 686
400 423
172 947
858 526
88 650
793 670
217 422
559 467
213 911
178 530
652 414
767 479
923 44
362 122
591 538
508 680
939 84
558 87
601 788
13 874
268 994
399 300
555 623
209 476
441 62
747 360
334 734
398 381
212 790
692 911
747 538
568 944
183 555
717 520
698 260
684 126
26 927
81 987
495 546
673 990
970 153
231 423
194 158
202 855
388 699
632 162
786 482
915 364
783 720
454 522
488 510
142 829
684 422
447 6
524 763
106 399
661 168
688 143
710 66
570 10
934 301
78 707
264 771
127 740
107 293
372 22
373 501
89 160
161 221
976 817
450 22
782 659
760 41
70 489
720 148
189 975
98 215
32 362
621 196
592 620
673 666
560 170
506 19
919 945
750 467
427 973
993 469
58 518
446 420
275 358
730 233
110 146
898 32
729 842
331 958
147 992
850 727
535 804
780 330
489 734
73 913
799 582
467 15
106 229
327 111
14 620
690 438
102 476
929 832
815 43
