405 331
724 759
927 468
769 212
509 785
89 159
687 296
891 385
783 204
522 881
83 672
851 560
322 561
17 484
854 816
366 494
330 931
182 116
711 336
794 947
179 586
833 241
681 147
970 725
114 277
227 735
731 689
566 364
975 864
827 878
135 95
482 166
19 219
341 32
14 918
836 321
651 409
677 921
624 945
766 686
241 51
132 212
720 707
390 851
836 895
428 879
5 985
866 720
927 313
753 587
977 184
358 285
852 460
788 991
190 563
624 147
556 632
315 872
591 370
392 812
955 726
620 11
53 890
827 418
183 372
882 38
812 334
170 393
978 104
26 706
988 592
498 138
827 946
492 409
944 335
516 720
689 718
154 964
858 72
608 137
76 125
898 190
513 262
384 448
294 148
177 806
194 304
448 905
650 632
640 941
850 858
996 824
532 648
535 297
108 543
19 66
922 3
983 868
703 372
577 826
947 158
365 289
237 241
532 947
561 195
285 520
400 666
115 237
967 370
311 25
499 27
420 709
691 308
522 407
707 722
688 300
195 37
631 343
77 842
766 231
219 320
287 451
901 1000
931 73
347 209
528 111
55 380
665 83
516 82
859 164
740 975
384 581
304 657
859 331
735 807
52 40
204 887
598 649
799 772
576 663
985 321
706 160
644 690
93 539
121 696
68 319
54 252
23 575
912 115
265 232
817 609
902 672
500 844
453 199
933 677
102 987
407 605
379 810
606 820
