939 724
81 559
48 924
124 729
696 382
435 780
552 630
590 193
192 858
970 273
670 402
673 876
41 697
752 950
828 225
654 228
189 574
449 633
440 306
737 145
582 569
869 336
82 136
420 573
533 880
203 382
174 810
842 259
276 270
912 126
981 810
264 21
112 281
649 402
606 988
70 439
624 548
37 263
872 293
190 639
149 426
383 713
874 763
128 96
523 888
152 514
78 777
749 501
18 720
506 929
703 906
475 224
602 608
909 488
735 848
242 142
55 830
588 904
413 645
94 679
231 462
592 726
393 120
139 589
687 489
242 564
271 819
585 46
216 972
603 619
191 280
746 4
813 280
51 787
609 348
887 901
668 126
286 648
33 47
952 860
759 361
302 618
307 550
305 325
522 716
676 221
769 381
400 470
838 279
531 947
303 51
375 337
170 875
620 965
569 253
709 316
368 313
257 247
493 460
762 9
607 52
350 918
805 557
7 947
310 713
