527 176
424 389
420 32
749 423
778 338
724 898
651 674
106 985
475 542
99 928
846 572
659 719
59 874
225 126
646 227
758 502
335 105
252 346
409 886
46 403
951 733
76 554
859 756
363 992
538 269
547 893
736 357
82 317
709 293
294 133
695 587
411 609
718 625
233 662
803 595
946 132
646 286
517 883
865 776
916 75
364 214
361 403
239 215
405 692
762 29
730 586
445 295
423 491
713 415
389 487
242 62
244 604
718 889
594 877
498 991
31 486
578 913
859 53
115 679
660 171
581 349
897 963
885 989
868 324
191 94
177 526
227 212
429 84
906 776
987 65
934 75
44 448
4 95
601 878
922 769
980 189
523 949
285 913
584 845
416 598
85 149
953 261
802 585
231 55
239 918
885 329
334 281
792 422
729 951
518 675
200 921
347 804
89 199
21 44
618 493
879 143
572 648
844 254
517 378
424 602
445 216
377 699
568 258
110 826
282 149
492 82
531 299
902 196
357 872
93 764
260 587
574 296
385 61
587 412
980 938
193 842
88 196
791 617
697 904
944 439
0 550
503 345
505 170
80 950
543 724
69 234
74 111
648 242
782 204
168 970
645 211
294 187
135 26
167 373
539 641
339 658
647 424
273 253
363 637
482 914
434 20
26 704
170 492
292 987
132 131
909 166
221 9
905 344
636 933
158 967
88 607
67 882
364 974
751 799
906 454
483 290
559 179
399 102
791 587
778 381
2 734
291 368
937 526
450 168
331 938
401 300
709 461
911 684
139 809
326 183
444 382
806 428
361 823
789 60
781 372
876 787
385 70
506 906
313 447
681 24
717 812
208 189
533 949
776 732
106 596
177 389
778 926
811 342
960 308
927 105
355 807
404 524
75 323
355 682
490 149
981 395
539 239
771 794
478 468
