25 974
144 160
527 383
372 968
597 486
436 869
984 583
352 592
110 841
937 124
371 955
155 712
491 80
88 732
70 873
625 976
38 856
341 438
859 90
294 920
444 432
710 278
176 377
408 223
200 34
900 277
878 956
987 904
896 473
663 770
672 620
115 601
969 187
380 761
957 22
825 388
962 796
419 285
330 48
259 132
332 966
101 601
296 477
296 397
844 720
63 619
899 994
9 713
916 785
954 884
339 245
822 657
370 562
800 751
113 941
114 237
769 60
866 733
496 337
897 922
314 238
678 3
32 662
97 944
824 793
290 79
539 41
917 896
412 625
627 58
915 270
297 233
828 844
162 92
64 134
288 679
22 140
937 24
616 151
857 182
742 733
116 901
719 644
527 880
771 181
963 409
392 774
317 57
376 563
669 801
431 40
275 361
994 351
870 309
933 112
500 778
11 211
106 619
146 11
988 580
853 838
586 945
891 33
389 706
144 457
622 294
852 388
992 114
333 218
163 257
234 986
177 230
530 304
516 421
198 568
247 950
854 523
620 112
821 244
5 776
426 406
322 37
14 0
622 452
452 92
375 231
930 778
511 575
797 714
283 310
59 480
81 731
498 493
410 8
951 499
11 590
808 737
452 834
887 340
655 599
361 861
166 234
631 291
549 86
957 383
145 967
178 103
345 591
795 493
518 19
2 181
269 249
536 26
524 639
284 820
246 467
257 62
511 759
73 878
111 380
642 219
418 874
521 817
151 617
998 403
648 430
191 947
839 111
690 235
985 815
98 524
209 3
525 548
22 162
887 656
47 130
