751 487
493 749
459 463
731 4
621 169
49 639
461 542
323 947
489 458
501 263
758 878
402 29
44 939
584 671
312 800
217 62
681 323
398 13
106 153
191 858
460 257
944 410
569 609
253 797
613 382
839 100
408 573
42 115
424 826
37 793
573 490
183 359
279 90
307 108
136 432
584 721
977 542
32 114
597 529
560 582
342 286
569 712
691 462
584 974
80 853
99 795
571 790
207 833
905 383
632 634
46 106
30 259
836 660
379 60
914 921
860 842
868 855
61 367
754 102
729 435
617 924
421 978
750 697
855 184
327 524
869 698
392 287
110 392
186 473
960 979
444 892
734 287
70 632
112 991
279 420
464 991
642 607
506 209
198 806
945 713
514 892
603 699
685 764
869 863
940 385
75 196
888 55
298 484
613 519
586 262
293 240
223 895
785 252
245 863
68 504
288 597
332 164
108 598
680 181
744 70
470 151
63 965
474 332
436 525
181 127
830 894
682 102
