932 604
262 581
272 515
348 21
884 724
100 258
743 595
229 647
307 492
96 700
526 890
974 966
47 256
888 413
138 113
377 52
358 17
15 252
871 374
265 421
614 858
534 140
796 933
623 878
267 54
606 976
489 603
662 114
447 542
985 569
850 633
897 99
269 54
309 839
96 55
61 608
329 146
146 638
354 354
597 913
63 862
134 666
114 397
244 513
805 110
937 675
179 262
865 444
333 498
120 996
443 288
904 84
249 358
121 634
283 903
801 723
308 583
830 177
235 281
652 237
584 200
292 640
162 240
284 443
243 563
519 572
242 5
306 824
765 920
790 471
52 629
109 744
263 571
45 993
43 619
89 422
442 459
35 34
431 316
378 406
313 757
12 825
637 590
983 30
294 932
206 26
673 247
107 405
95 425
895 643
716 867
327 415
588 36
43 273
988 684
66 435
888 480
101 999
172 926
61 635
352 310
158 291
181 68
247 712
373 981
19 103
427 802
402 803
352 271
