161 990
518 266
129 825
45 50
123 298
293 837
195 419
358 715
134 144
955 118
217 722
713 712
465 103
291 615
959 342
955 680
818 656
144 850
510 349
704 104
335 461
389 796
906 759
912 159
601 668
902 691
97 888
75 128
886 765
290 794
876 220
551 41
725 499
651 824
186 195
297 1
789 423
797 627
40 697
722 4
555 246
515 439
761 479
406 427
899 410
179 285
892 713
48 473
42 208
265 846
947 181
410 771
818 259
252 458
580 3
697 890
154 935
454 640
473 855
120 184
483 425
899 11
191 967
789 633
247 681
402 192
126 687
831 239
766 643
482 61
606 294
989 166
814 276
202 847
226 322
612 639
787 389
908 481
290 786
529 198
138 101
560 11
124 701
2 231
661 75
546 326
621 300
269 822
788 872
693 485
854 734
822 339
936 250
86 515
824 197
830 342
751 3
605 726
729 216
892 66
122 142
677 260
279 506
21 162
40 868
931 948
361 183
147 742
502 793
530 578
972 357
133 394
288 227
97 83
135 736
110 851
492 145
218 227
479 238
316 547
584 592
328 704
185 912
758 401
660 827
473 185
761 401
842 390
838 750
599 145
368 265
401 994
797 524
447 887
77 842
392 359
791 138
68 511
542 260
332 824
291 202
86 38
296 175
546 610
501 249
823 161
